UBM Trained with 16 components
Weights: [0.0615242  0.07305622 0.08005635 0.03866789 0.05890379 0.06554619
 0.07923052 0.07536019 0.09661561 0.0690947  0.04716716 0.0437161
 0.07117977 0.01186604 0.05865418 0.06936102]
Means: [[-5.35079712e+02  3.90916176e+01  7.21852636e+00 -4.31617260e-01
   7.18465805e+00  3.10709000e+01 -7.83757257e+00  5.14054728e+00
  -7.36561012e+00  5.27522707e+00  5.15633345e+00  8.17909241e+00
   3.79753613e+00]
 [-6.53960815e+02  6.53581924e+01 -8.07653046e+00 -3.98752832e+00
   1.93842373e+01  3.45547676e+01  8.56514263e+00 -3.19564867e+00
  -3.91887140e+00  7.90633917e+00  8.91250801e+00  8.28786850e+00
  -1.30274844e+00]
 [-3.86406708e+02  1.19236526e+02 -3.62715759e+01  2.62746868e+01
  -6.62637758e+00  3.04440260e+00 -2.71024113e+01 -1.62974014e+01
  -3.92609954e+00 -7.13496733e+00 -1.77897167e+00 -2.16993356e+00
   5.36601067e-01]
 [-8.19141052e+02  6.20790445e-07  5.66303981e-07  5.62835851e-07
   6.08682285e-07  6.32879221e-07  5.91645403e-07  5.34093203e-07
   5.30465741e-07  5.78948914e-07  6.03539206e-07  5.66378674e-07
   5.15976637e-07]
 [-4.19245239e+02  1.52016953e+02 -1.48164167e+01 -9.68324661e+00
  -2.56495018e+01  1.39747696e+01 -2.06046605e+00 -1.03912926e+01
  -2.26816330e+01 -1.04692783e+01  4.10216045e+00  5.99281931e+00
  -4.56030226e+00]
 [-5.64813904e+02  1.10053581e+02 -8.25694752e+00 -9.05863857e+00
   4.53337193e+00  1.95369205e+01 -5.83100891e+00 -6.75493240e+00
  -9.67852771e-01  1.15821829e+01  6.87071419e+00  1.32648325e+00
  -4.51867342e+00]
 [-3.61417664e+02  1.38245544e+02 -6.39696198e+01 -9.34827423e+00
  -2.04420280e+01  1.24490185e+01 -1.02183361e+01 -1.78006229e+01
  -6.85188293e+00  5.17030096e+00  4.50861549e+00  2.96252418e+00
  -1.86482716e+01]
 [-5.71060608e+02  1.02491615e+02  1.04212952e+01  2.14248085e+01
   1.92773132e+01  2.12974129e+01 -6.31957054e+00 -1.08231993e+01
  -1.61649990e+01 -6.10087967e+00 -2.12804866e+00 -1.46424043e+00
  -5.34970331e+00]
 [-4.54205109e+02  1.35072281e+02 -2.10727654e+01 -2.03433466e+00
   2.09342614e-01  1.56042957e+01 -1.83281956e+01 -1.13449631e+01
  -8.16103935e+00  4.51102018e+00  4.36426449e+00 -3.80276942e+00
  -6.38212442e+00]
 [-4.29675629e+02  8.81230240e+01 -1.31156683e+01  6.63129349e+01
  -1.41605592e+00 -6.00166500e-01 -8.14915848e+00 -1.44219084e+01
  -2.11197891e+01 -2.51219673e+01 -1.88965249e+00 -2.87218571e+00
  -1.16594982e+01]
 [-4.23267181e+02  2.40239792e+01  4.05097694e+01  7.19695902e+00
   5.81388998e+00  2.44819641e+01 -2.10067062e+01  9.96005535e-01
  -1.94521828e+01 -5.36934519e+00 -4.28654289e+00  2.61318612e+00
   1.06664586e+00]
 [-3.16848663e+02  1.20548447e+02 -6.24172363e+01  1.07806759e+01
  -2.50065022e+01  1.25727873e+01 -1.91250401e+01 -1.60045986e+01
   4.71061134e+00  1.36010611e+00  5.22229624e+00 -1.08414907e+01
  -9.07158673e-01]
 [-7.30359680e+02  5.29714737e+01  5.58744049e+00  2.84946203e+00
   1.48233595e+01  2.20877228e+01  8.19626522e+00 -6.44057512e-01
  -1.10341644e+00  5.31516409e+00  7.16233206e+00  5.00330687e+00
   2.79934466e-01]
 [-7.98606262e+02  4.02636862e+00  2.86004353e+00  2.55669737e+00
   3.12566757e+00  3.33316898e+00  2.57997155e+00  1.75011110e+00
   1.67546904e+00  2.17819810e+00  2.28317213e+00  1.76303566e+00
   1.30893898e+00]
 [-4.30441406e+02  1.01263275e+02  6.46837711e+00  2.72383461e+01
   1.05731306e+01  1.17726793e+01 -2.88331337e+01 -9.22298241e+00
  -1.84362450e+01 -9.55583668e+00 -8.08069706e+00 -3.98448539e+00
   3.13652420e+00]
 [-6.20453613e+02  8.89507523e+01  9.35258865e-01 -2.55050468e+00
   1.19222689e+01  2.47716465e+01  2.00971794e+00 -3.93245387e+00
  -4.61396933e+00  5.68908787e+00  5.81406212e+00  6.13220978e+00
  -1.06998801e+00]]
